,image_id,gt_class,pre_class,ap,score
0,0,0,3,0.0,1.0
1,1,0,3,0.0,1.0
2,2,2,3,0.0,0.9999997615814209
3,3,0,3,0.0,1.0
4,4,0,3,0.0,1.0
5,5,0,3,0.0,1.0
6,6,0,3,0.0,0.9999998807907104
7,7,0,3,0.0,0.9999997615814209
8,8,0,3,0.0,0.9999997615814209
9,9,2,3,0.0,1.0
10,10,0,3,0.0,1.0
11,11,0,3,0.0,1.0
12,12,0,3,0.0,0.9999998807907104
13,13,2,3,0.0,1.0
14,14,0,3,0.0,1.0
15,15,1,3,0.0,1.0
16,16,0,3,0.0,0.9999998807907104
17,17,0,3,0.0,0.9999997615814209
18,18,0,3,0.0,1.0
19,19,0,3,0.0,1.0
20,20,0,3,0.0,1.0
21,21,0,3,0.0,0.9999998807907104
22,22,0,3,0.0,0.9999995231628418
23,23,0,3,0.0,0.9999998807907104
24,24,0,3,0.0,0.9999998807907104
25,25,0,3,0.0,1.0
26,26,0,3,0.0,0.9999998807907104
27,27,0,3,0.0,1.0
28,28,0,3,0.0,1.0
29,29,0,3,0.0,0.9999994039535522
30,30,0,3,0.0,1.0
31,31,2,3,0.0,1.0
32,32,0,3,0.0,1.0
33,33,0,3,0.0,0.9999998807907104
34,34,0,3,0.0,0.9999991655349731
35,35,0,3,0.0,1.0
36,36,0,3,0.0,1.0
37,37,0,3,0.0,1.0
38,38,0,3,0.0,0.9999995231628418
39,39,0,3,0.0,0.9999998807907104
40,40,0,3,0.0,0.9999998807907104
41,41,3,3,0.0,1.0
42,42,0,3,0.0,0.9999998807907104
43,43,0,3,0.0,0.9999998807907104
44,44,0,3,0.0,1.0
45,45,2,3,0.0,1.0
46,46,0,3,0.0,1.0
47,47,0,3,0.0,1.0
48,48,0,3,0.0,0.9999997615814209
49,49,0,3,0.0,1.0
